 0,814,857
 1,861,781
 2,739,912
 3,780,815
 4,721,772
 5,756,718
 6,722,842
 7,662,725
 8,997,861
 9,933,895
10,916,726
11,728,657
12,837,704
13,672,979
14,659,891
15,871,909
16,898,650
17,864,983
18,809,924
19,772,988
20,997,762
21,935,803
22,804,762
23,880,841
24,805,646
25,658,651
26,655,805
27,988,665
28,1001,962
29,939,984
30,188,836
31,127,811
32,197,779
33,145,725
34,257,761
35,265,824
36,250,712
37,787,417
38,828,449
39,887,415
40,880,479
41,789,511
42,880,527
43,360,390
44,402,476
45,336,489
46,309,415
47,421,399
48,526,249
49,494,399
50,459,318
51,475,490
52,560,457
53,572,337
54,658,392
55,272,568
56,345,580
57,249,391
58,210,316
59,188,473
60,100,312
61,383,304
62,459,193
63,648,549
64,198,576
65,359,210
66,243,257
67,268,184
68,637,218
69,123,201
70,94,429
71,533,575
72,177,386
73,304,321
74,99,557
75,263,474
76,430,577
77,834,294
78,726,307
79,721,118
80,728,170
81,826,152
82,776,259
83,750,218
84,372,801
85,418,700
86,525,826
87,448,821
88,358,684
89,502,755
90,506,679
86,87
14,4
36,34
80,81
9,0
73,46
38,40
90,84
84,85
29,17
27,1
5,11
4,5
37,38
57,59
32,35
55,56
0,1
22,12
69,60
48,50
18,0
49,51
30,32
76,45
8,9
43,46
89,87
65,66
72,57
19,18
53,52
70,60
15,0
24,5
3,6
1,10
74,64
43,45
38,41
58,60
49,52
75,57
38,39
4,6
77,78
82,78
16,1
57,58
63,54
0,2
61,62
28,8
61,43
30,31
68,53
17,15
30,33
66,73
21,1
2,13
59,64
81,83
50,47
20,1
26,4
43,44
11,7
53,54
67,65
22,1
55,45
79,80
88,85
33,31
4,7
0,3
33,32
42,40
83,82
5,12
46,57
89,90
32,34
71,52
25,11
49,47
48,49
23,0
43,47